0000000011
0000000011
0000000011
0000000011
0000000011
0000000011
0000000011
0000000011
0000000110
0000000110
0000000110
0000000110
0000001101
0000001101
0000010011
0000010011
0000011010
0000011010
0000011010
0000011010
0000100110
0000100110
0000100110
0000110100
0000110100
0000110100
0000110100
0000110100
0000110100
0000110100
0001001101
0001001101
0001001101
0001001101
0001001101
0001001101
0001001101
0001001101
0001001101
0001001101
0001101000
0001101000
0001101000
0001101000
0001101000
0001101000
0001101000
0001101000
0001101000
0001110110
0001110110
0001110110
0001110110
0010011010
0010011010
0010011010
0010011010
0010011010
0010011010
0010011010
0010011010
0010011010
0010011010
0010011011
0010011011
0010011011
0010011011
0010101101
0010101101
0010101101
0010101101
0010101101
0010101101
0010101101
0010101101
0011000000
0011010001
0011010001
0011010001
0011010001
0011010001
0011010111
0011010111
0011010111
0011011010
0011011010
0011011111
0011011111
0011011111
0011011111
0011011111
0011101101
0011101101
0011101101
0011101101
0011101101
0011101101
0100000100
0100000100
0100000100
0100000100
0100000100
0100000100
0100000100
0100000100
0100000100
0100011101
0100011101
0100011101
0100011101
0100011101
0100011101
0100011101
0100011101
0100110101
0100110101
0100110110
0100110110
0100110110
0100110110
0101000001
0101000001
0101000001
0101000001
0101000001
0101000001
0101000001
0101010101
0101010101
0101010101
0101010101
0101010101
0101010101
0101010101
0101010101
0101010101
0101010101
0101010101
0101010101
0101010101
0101010101
0101010101
0101010101
0101010101
0101010101
0101010111
0101010111
0101010111
0101011011
0101011011
0101011011
0101011011
0101011011
0101011011
0101011011
0101011111
0101011111
0101011111
0101011111
0101011111
0101011111
0101011111
0101011111
0101101111
0101101111
0101101111
0101111001
0101111001
0101111001
0101111001
0101111001
0101111001
0101111001
0101111001
0101111100
0101111100
0101111100
0101111100
0101111100
0110000000
0110000000
0110000000
0110000000
0110000000
0110000000
0110000000
0110000000
0110100011
0110100011
0110101000
0110101000
0110101000
0110101000
0110101000
0110101000
0110101000
0110101000
0110101000
0110101000
0110101000
0110101010
0110101111
0110101111
0110101111
0110101111
0110101111
0110101111
0110110101
0110110101
0110110101
0110110101
0110110101
0110110101
0110110101
0110110101
0110110101
0110110101
0110110101
0110110101
0110110101
0110110101
0110110101
0110110101
0110110101
0110110101
0110111110
0110111110
0110111110
0110111110
0110111110
0110111110
0110111110
0110111110
0110111110
0110111110
0110111110
0110111110
0110111111
0111011010
0111011010
0111011010
0111011010
0111011010
0111011010
0111011010
0111011010
0111011010
0111011010
0111011010
0111011010
0111100101
0111100101
0111100101
0111100101
0111100101
0111100101
0111100101
0111100101
0111100101
0111100101
0111100101
0111110001
0111110001
0111110001
0111110001
0111110001
0111110001
0111110011
0111110011
0111110011
0111110011
0111110011
0111111001
0111111001
1000000001
1000000001
1000000001
1000000001
1000000001
1000000001
1000000001
1000000001
1000000001
1000000001
1000000001
1000001001
1000001001
1000001001
1000001001
1000001001
1000001001
1000001001
1000001001
1000100110
1000100110
1000100110
1000100110
1000100110
1000100110
1000100110
1000111011
1000111011
1000111011
1000111011
1000111011
1000111011
1000111011
1000111011
1000111011
1000111011
1000111011
1000111011
1000111011
1001100000
1001100000
1001100000
1001100000
1001100000
1001101011
1001101011
1001101011
1001101011
1001101011
1001101101
1001101101
1001101101
1001101101
1001101101
1001101101
1001101101
1001101101
1001101111
1001101111
1001101111
1010001110
1010001110
1010001110
1010100000
1010101010
1010101010
1010101010
1010101010
1010101010
1010101011
1010110111
1010110111
1010110111
1010110111
1010111110
1010111110
1011010100
1011010100
1011010100
1011010100
1011010100
1011010100
1011010100
1011010100
1011010100
1011010101
1011010101
1011011111
1011011111
1011110010
1011110010
1011111000
1011111001
1011111001
1011111001
1011111100
1011111100
1011111100
1100000000
1100000000
1100000000
1100000000
1100000000
1100000000
1100000000
1100010011
1100101011
1100101011
1100110000
1100110000
1100110000
1100110000
1100110000
1100110000
1100110111
1100110111
1101000111
1101000111
1101000111
1101010000
1101010000
1101010000
1101010000
1101010000
1101010000
1101010000
1101010000
1101010000
1101010101
1101010101
1101010101
1101011110
1101011110
1101011110
1101011110
1101011110
1101011110
1101011110
1101011110
1101011110
1101101010
1101101010
1101101010
1101101010
1101101010
1101101010
1101101010
1101101010
1101101010
1101101010
1101101010
1101101010
1101101010
1101101010
1101101010
1101101010
1101111100
1101111100
1101111100
1101111100
1101111100
1101111100
1101111100
1101111100
1101111110
1101111110
1101111110
1101111110
1110010101
1110010101
1110010101
1110010101
1110010101
1110010101
1110010101
1110010101
1110010101
1110010101
1110011000
1110011000
1110011011
1110110101
1110110101
1110110101
1110110101
1110110101
1110110101
1110110101
1111000100
1111000100
1111000100
1111000100
1111000100
1111000100
1111000100
1111000100
1111001010
1111001010
1111001010
1111001010
1111001010
1111001010
1111001100
1111001100
1111001100
1111001101
1111001101
1111100110
1111100110
1111110011
1111110011
